{'L1': {'BFS': (118.0, 0.000167),
        'IDS': (65.0, 0.000116),
        'h1': (12.0, 6.5e-05),
        'h2': (12.0, 0.00011),
        'h3': (12.0, 0.00011)},
 'L2': {'BFS': (118.0, 0.000172),
        'IDS': (65.0, 0.000109),
        'h1': (12.0, 6.8e-05),
        'h2': (12.0, 9.5e-05),
        'h3': (12.0, 0.000114)}}
